,CODIGOEMPRESA,cod_Est,DENOMINACION,name_Est,Ent_2014,Util_2014,Ent_2015,Util_2015,Ent_2016,Util_2016,Ent_2017,Util_2017,Ent_2018,Util_2018,Ent_2019,Util_2019,DISTRITO,BARRIO,X,Y,"x,y",long,lat
154,101,101,PLAZA DE CASTILLA,Plaza de Castilla,11666395.0,33030380.845,11795567.0,32948701.0,11932081.0,32711005.331000004,12570086.0,36577999.3969,13279507.0,37361847.50636264,13943274,38173875.07544405,6,64.0,441684,4480016,"441684,4480016",-3.687904007918863,40.468775103000745
45,102,102,VALDEACEDERAS,Valdeacederas,2365287.0,4696100.875518011,2452685.0,4835598.0,1944239.0,3836045.3932878324,2634001.0,5117306.3985,2711332.0,5038539.901848177,2809922,5540193.935550851,6,63.0,441183,4479745,"441183,4479745",-3.6937883448799007,40.46629850199802
101,103,103,TETUAN,Tetuán,2955705.0,5845623.813366943,3017601.0,5935352.0,2479489.0,4824500.630263977,3360898.0,6276573.8675999995,3511657.0,6895294.8398910295,3604824,7148216.633697006,6,63.0,440909,4479318,"440909,4479318",-3.6969803812672573,40.462432467289865
33,104,104,ESTRECHO,Estrecho,4136196.0,7308023.238922093,4160067.0,7205990.0,3355839.0,5953996.019868727,4579135.0,5530387.711512238,5072727.0,9203377.429263683,5124747,9974619.373963846,6,66.0,440499,4478625,"440499,4478625",-3.7017510392712873,40.45616038076315
29,105,105,ALVARADO,Alvarado,1700741.0,5093950.798306529,1753043.0,5193500.0,1345180.0,3971317.28790186,1879750.0,5233751.6313000005,2031672.0,3463184.3248333423,2089599,4017667.225084234,6,62.0,440471,4478187,"440471,4478187",-3.7020401782585397,40.45221268944859
124,106,106,CUATRO CAMINOS,Cuatro Caminos,6006216.0,22185287.845974896,6115954.0,22211762.0,7090126.0,21768207.478586767,6921895.0,2426092.298998435,7056088.0,23402733.412008874,7228864,25403184.50186488,6,61.0,440412,4477814,"440412,4477814",-3.702700928731692,40.44884832102588
2,107,107,RIOS ROSAS,Ríos Rosas,1925963.0,3875965.6541348174,2018921.0,4523981.0,1339827.0,3070475.9161571288,2047711.0,4906595.0940000005,2311575.0,5112119.104184618,2467616,5069036.525356544,7,75.0,440632,4477258,"440632,4477258",-3.7000547577201517,40.44385537373488
110,108,108,IGLESIA,Iglesia,2946638.0,6128949.692268177,3015236.0,6757512.0,2096434.0,4711601.746833962,3220678.0,7502914.020999999,3483146.0,7365866.790349645,3668223,7475722.106048495,7,73.0,440825,4476473,"440825,4476473",-3.697705988702712,40.436797502411665
232,109,109,BILBAO,Bilbao,4500743.0,13695041.129543532,4531287.0,13717346.0,3836874.0,11311983.685604922,4642715.0,14672424.3561,4730963.0,14211880.244071115,4368979,14060572.752329607,7,73.0,440548,4475824,"440548,4475824",-3.7009110297257237,40.43093126244459
79,110,110,TRIBUNAL,Tribunal,4073973.0,13435101.89711504,4343309.0,13969944.0,4140032.0,11714690.796102013,4983671.0,13892372.5782,5566961.0,18381199.670111448,6262826,21662243.25347222,1,14.0,440637,4475505,"440637,4475505",-3.699832046242154,40.42806392045003
111,111,111,GRAN VIA,Gran Vía,5084771.0,18028763.3704773,5557973.0,19242529.0,5368024.0,16176845.140899792,6473920.0,19743835.162819415,4347621.0,12932429.868755586,0,0.0,1,16.0,440572,4474820,"440572,4474820",-3.700534254559619,40.42188848142362
75,112,112,SOL,Sol,20080594.0,55673030.61793035,20185356.0,56427660.0,20676378.0,52037085.20948166,21936772.0,61598480.81602865,23720463.0,70953620.17900807,24376939,77135814.17618178,1,16.0,440446,4474473,"440446,4474473",-3.701986936690229,40.4187535340293
85,113,113,TIRSO DE MOLINA,Tirso de Molina,2862819.0,5228763.108975226,3028506.0,5476959.0,2061145.0,3779906.9782999996,3538744.0,6023903.157299999,3878698.0,7355344.966465388,4107928,8121296.736700558,1,12.0,440323,4473971,"440323,4473971",-3.703389587162688,40.41422246936548
190,114,114,ANTON MARTIN,Antón Martín,2322985.0,3875012.566286451,2488037.0,4730154.0,1721646.0,3234138.0365999998,2684716.0,5500333.315430111,2875079.0,6012547.890332748,2940944,5995934.449591832,1,12.0,440772,4473981,"440772,4473981",-3.69809870377349,40.414344627136906
97,115,115,ESTACIÓN DEL ARTE,Estación del Arte,2298887.0,5524988.163472726,2378382.0,5681913.0,1605981.0,3846406.378629349,2601095.0,3037006.9063,2731321.0,8041817.309478235,2757140,6303908.051631776,1,12.0,441353,4473575,"441353,4473575",-3.6912137197449706,40.41072831805316
98,116,116,ATOCHA RENFE,Atocha-Renfe,7592209.0,16405855.686041458,7797525.0,16760622.0,5622841.0,11551777.85887311,8498093.0,16453308.581,8875459.0,14368554.395740116,9289442,17509600.37210542,2,27.0,441615,4473322,"441615,4473322",-3.6881027846164787,40.40846758255333
208,117,117,MENENDEZ PELAYO,Menéndez Pelayo,2033064.0,3899367.5778770214,2025306.0,3900984.0,1423894.0,2770242.8305,2051286.0,4089268.6548,2232223.0,4032576.3052774724,2276700,4312025.410397685,3,31.0,442325,4473079,"442325,4473079",-3.679713541130195,40.40632800263921
42,118,118,PACIFICO,Pacífico,4028973.0,18660186.74501072,4125916.0,19053055.0,4962116.0,16022017.009655673,4604390.0,20749011.0315,4920430.0,21551141.85755895,5216882,25169768.600202147,3,31.0,442819,4472721,"442819,4472721",-3.673859854493633,40.40313701933029
37,119,119,PUENTE DE VALLECAS,Puente de Vallecas,3209609.0,6667203.454782274,3261195.0,6804530.0,2308385.0,4672275.613139966,3589767.0,6892640.898399999,3952263.0,7363577.958204022,4200267,8127798.452096393,13,132.0,443332,4472377,"443332,4472377",-3.6677840809382016,40.400073146593144
94,120,120,NUEVA NUMANCIA,Nueva Numancia,3031598.0,4956225.1001402065,3149832.0,5164115.0,2437550.0,3690480.2033239827,3554875.0,5265473.6728,3903270.0,6494084.7899994245,4212636,7930450.05473334,13,132.0,443747,4472079,"443747,4472079",-3.6628676408987424,40.397416729362256
119,121,121,PORTAZGO,Portazgo,2162163.0,3948100.857928412,2033066.0,3551417.0,1428114.0,2587608.89536824,2067194.0,3696787.8769999994,2273332.0,4403175.854844324,2412483,4736496.015727531,13,133.0,444208,4471756,"444208,4471756",-3.6574074011499444,40.39453796672729
149,122,122,BUENOS AIRES,Buenos Aires,1330551.0,2584761.5182282743,1375792.0,2504488.0,991445.0,1839833.7252045937,1474256.0,2692851.9116,1613771.0,4632125.611111392,1742266,3354024.192374464,13,135.0,444612,4471631,"444612,4471631",-3.6526364165527396,40.39343885651876
139,123,123,ALTO DEL ARENAL,Alto del Arenal,1593265.0,3383008.8071188657,1654503.0,3482436.0,1359190.0,2781186.792769706,1856459.0,3571019.2775000003,1972942.0,3525999.528044696,2034571,3885221.965941619,13,135.0,445348,4471427,"445348,4471427",-3.643947150204499,40.3916497169889
143,124,124,MIGUEL HERNANDEZ,Miguel Hernández,1897652.0,3518864.8916663704,1977439.0,3651900.0,1444561.0,2803552.4590375167,2052390.0,3690736.7171,2244087.0,3959067.242036659,2357129,4454448.439885286,13,134.0,445831,4471151,"445831,4471151",-3.6382329777321316,40.38919488496266
43,125,125,SIERRA DE GUADALUPE,Sierra de Guadalupe,1911359.0,3345202.856878269,1968830.0,3543128.0,2133190.0,3433737.183635382,2318433.0,4004844.1461000005,2504105.0,4253627.520935886,2570599,4902385.497423715,13,134.0,447082,4470570,"447082,4470570",-3.6234459511757717,40.3840412601723
54,126,126,VILLA DE VALLECAS,Villa de Vallecas,1406107.0,2602858.3671758366,1431773.0,2640407.0,1146554.0,2039114.2846039792,1521120.0,2687480.5765000004,1681942.0,3104602.8841469996,1853003,3532255.4166414957,18,181.0,447370,4470283,"447370,4470283",-3.620029402490322,40.3814740121391
178,127,127,CONGOSTO,Congosto,1198635.0,2310024.4199057026,1236676.0,2351816.0,1150771.0,2031613.7463786025,1310531.0,10333788.75489889,1376779.0,2570718.4128444674,1468180,2783384.5088155284,18,181.0,447573,4469481,"447573,4469481",-3.6175720358100776,40.37426184122264
102,128,128,LA GAVIA,La Gavia,801183.0,1121144.4127306787,838745.0,1166206.0,779300.0,1060164.5917,977943.0,1331925.2008190446,1071314.0,2304395.0462303716,1147927,2297380.2332473197,18,181.0,448028,4469234,"448028,4469234",-3.6121924460828247,40.37206518768857
108,129,129,LAS SUERTES,Las Suertes,1763063.0,2838137.921885665,1729304.0,2803404.0,1482733.0,2268359.208785229,1771868.0,2498246.4161,1842217.0,3183937.886881136,1943659,3793874.0541199627,18,181.0,449206,4468453,"449206,4468453",-3.5982549702552373,40.36510198392202
109,130,130,VALDECARROS,Valdecarros,542855.0,840056.1737990951,570174.0,873432.0,536738.0,790480.1042000001,651156.0,981896.8634999999,736633.0,1536048.7131801909,837816,1635113.2728666167,18,181.0,449744,4468099,"449744,4468099",-3.591890799558399,40.36194548866852
186,151,151,CHAMARTIN,Chamartín,5200840.0,11257147.7149,5479757.0,11348213.0,5667382.0,12259910.394900002,6241627.0,2223789.0,6426557.0,14738348.872069122,6736783,16065663.02224258,5,56.0,442247,4480581,"442247,4480581",-3.6813146651780144,40.47390419744673
112,152,152,BAMBU,Bambú,869606.0,1427962.0434811027,928324.0,1503051.0,932255.0,1637599.8822,1077317.0,1926194.7931,1159127.0,2413194.302322071,1186836,2388064.756595263,5,56.0,442778,4481108,"442778,4481108",-3.675098399921425,40.478688395033
122,153,153,PINAR DE CHAMARTIN,Pinar de Chamartín,3445040.0,8792801.03935594,3641494.0,9116803.0,3565771.0,9313654.067,3889259.0,10702472.494,4101034.0,11709050.366630835,4316745,10598181.704400364,15,159.0,443592,4481471,"443592,4481471",-3.6655278369246553,40.48201415223536
152,201,201,VENTAS,Ventas,2617459.0,10062482.058448456,2740166.0,10522845.0,2840716.0,10572779.555416089,3170241.0,10603936.105696032,3047461.0,9522415.63016419,3051065,11097050.938159306,4,44.0,443817,4476002,"443817,4476002",-3.6623893101325034,40.43276200339824
123,202,202,MANUEL BECERRA,Manuel Becerra,4014769.0,12438664.109199997,4051908.0,12284351.0,4006177.0,12730286.64598694,4643188.0,14274820.769800002,4473751.0,13391339.260282991,4454110,14309908.08479317,4,42.0,443340,4475675,"443340,4475675",-3.667983559902672,40.42978386166856
103,203,203,GOYA,Goya,5845082.0,15534027.66646515,5779575.0,14926603.0,5869014.0,16105824.397466004,6401035.0,16478015.9849,6497012.0,18051490.272105105,6142204,17438986.734889213,4,42.0,442773,4475306,"442773,4475306",-3.6746344570015843,40.42642090811394
104,204,204,PRINCIPE DE VERGARA,Príncipe de Vergara,1867847.0,9441644.11314616,1905185.0,9533428.0,1985481.0,9992713.175412396,2085535.0,10522754.357499998,2155284.0,11903178.531172728,2075177,10432304.745449055,4,42.0,442414,4475131,"442414,4475131",-3.678850485136391,40.42481964763628
105,205,205,RETIRO,Retiro,2020850.0,4148284.6525316993,2155613.0,4309711.0,2310424.0,4498072.498816091,2578418.0,4886653.204066568,2503817.0,5083440.987804877,2446350,5896595.454015952,3,35.0,441892,4474842,"441892,4474842",-3.684977238320867,40.42217989813577
32,206,206,BANCO DE ESPAÑA,Banco de España,2991072.0,6142050.595543089,3013495.0,5697193.0,3262458.0,6057793.818899999,3377198.0,6263882.0757,3568125.0,7292001.583008962,2285268,4672280.871766615,1,14.0,441152,4474728,"441152,4474728",-3.6936892080832804,40.42110092342558
31,207,207,SEVILLA,Sevilla,1381639.0,3170651.5996999997,1317769.0,3123190.0,1444510.0,3541220.51053266,1527586.0,3758802.7977263676,509938.0,1150897.4656416806,753522,1513585.4030633764,1,13.0,440787,4474601,"440787,4474601",-3.6979796332993806,40.41993095311323
99,209,209,OPERA,Ópera,5083683.0,19610590.978053626,5157899.0,19442595.0,5432374.0,20382928.094089217,5609714.0,19786689.84884607,5931915.0,21953486.434427872,6102954,24384336.53644538,1,11.0,439924,4474612,"439924,4474612",-3.7081526464526093,40.41996818906646
106,210,210,SANTO DOMINGO,Santo Domingo,1192179.0,2599616.987602538,1251175.0,2652278.0,1356790.0,2796745.6731580184,1507517.0,2669464.262,1645115.0,2794759.9375174483,1515501,3035385.533897061,1,11.0,440051,4474969,"440051,4474969",-3.706689381825989,40.42319336768781
0,211,211,NOVICIADO,Noviciado,1628531.0,3550905.9744021846,1652810.0,3619911.0,1781748.0,3960287.4430661057,1863229.0,4105560.4430249264,1988962.0,5055242.556315074,1895209,4633975.273510892,1,11.0,440100,4475360,"440100,4475360",-3.7061486382003785,40.4267192021501
107,212,212,SAN BERNARDO,San Bernardo,2532223.0,5188070.812600001,2411154.0,4960829.0,2641727.0,5473085.445800001,2712488.0,5523342.596999999,2789614.0,7152829.51960825,2813476,7381834.076110387,7,73.0,440261,4475933,"440261,4475933",-3.704304626813736,40.43189262088721
135,213,213,QUEVEDO,Quevedo,2398113.0,5098856.104411383,2400694.0,5083794.0,2728991.0,5481275.1443,2735664.0,5688296.6361756,2891455.0,5957642.562447488,2714376,5624840.8739619935,7,73.0,440369,4476288,"440369,4476288",-3.703064738660971,40.43509836895362
134,214,214,CANAL,Canal,2641590.0,10831156.424352573,2739896.0,11164636.0,2942827.0,11435766.6286,2960961.0,3339386.7383000003,2979731.0,13111084.170952154,3053408,13511974.570254711,7,72.0,440374,4476864,"440374,4476864",-3.7030598417714176,40.44028758876588
147,251,251,LA ELIPA,La Elipa,2250571.0,4262657.8929127585,2299478.0,4337650.0,2427055.0,4510360.051354686,2738808.0,4655806.270199999,2805742.0,5282142.299325045,2661251,5170210.874453963,15,151.0,444928,4475520,"444928,4475520",-3.649249828828259,40.42849418558523
62,252,252,LA ALMUDENA,La Almudena,836938.0,1208773.871161489,850432.0,1146286.0,935956.0,1311328.7734343475,1045189.0,1450721.0302853363,1089729.0,1905068.233764429,1080832,2068723.827376733,15,152.0,445891,4475180,"445891,4475180",-3.637868652626553,40.42549446489356
61,253,253,ALSACIA,Alsacia,1390938.0,2764754.6161630303,1459490.0,2701824.0,1543486.0,2917830.799027587,1666063.0,3183705.1993690566,1740837.0,3227946.666303,1693078,3315383.7028878545,20,204.0,447213,4474579,"447213,4474579",-3.6222351325856996,40.420165219868316
168,254,254,AVENIDA DE GUADALAJARA,Avenida de Guadalajara,935779.0,1577536.0032171207,993120.0,1546069.0,1039847.0,1684008.6119746265,1134751.0,1797585.687,1189368.0,2129440.3730094805,1176127,2261416.5618644557,20,204.0,448187,4475028,"448187,4475028",-3.610791161614339,40.42427131262932
169,255,255,LAS ROSAS,Las Rosas,924620.0,1664987.0369601285,973939.0,1635621.0,1027223.0,1780995.2274541343,1152855.0,1971224.321371585,1216664.0,2965189.141614883,1212907,2511514.478766388,20,205.0,448931,4475173,"448931,4475173",-3.602032718282892,40.42562356588864
214,301,301,LEGAZPI,Legazpi,5763783.0,20882212.05764047,5880868.0,21330043.0,6169399.0,22698073.966870103,6685418.0,24263216.74295452,7130713.0,22178805.75709225,7503100,25239381.627922423,2,23.0,441114,4471612,"441114,4471612",-3.6938487888126827,40.39302773333894
141,302,302,DELICIAS,Delicias,3178270.0,5674347.0275,3207345.0,5746759.0,3360947.0,5994635.742000001,3598042.0,7230494.08173886,3781860.0,7158033.62914111,3950344,7657667.147144681,2,25.0,441200,4472583,"441200,4472583",-3.6929252008294444,40.401781084100605
40,303,303,PALOS DE LA FRONTERA,Palos de la Frontera,2168019.0,4620650.306854602,2170445.0,4678203.0,2390229.0,4973072.425034503,2497566.0,5250069.53064686,2581065.0,4686302.959192237,2703379,5172097.856502461,2,26.0,441200,4472935,"441200,4472935",-3.6929577179691533,40.404952080620276
211,304,304,EMBAJADORES,Embajadores,5076325.0,9550279.662722897,5223091.0,10404559.0,5414296.0,10963019.139108887,5976373.0,2631593.0,6067713.0,12334586.34389529,6363434,13016097.24822451,1,12.0,440485,4473168,"440485,4473168",-3.7014051831088883,40.407000255634486
10,305,305,LAVAPIES,Lavapiés,3002712.0,5733063.951353283,3091940.0,5879855.0,3481965.0,6314404.416275616,3606384.0,6607537.699906375,3662615.0,6843070.815090529,3722835,7284929.656198683,1,12.0,440638,4473543,"440638,4473543",-3.699637134259756,40.41038936375535
200,307,307,CALLAO,Callao,6100675.0,18038524.633640915,6422747.0,19094673.0,7057594.0,19563899.939538755,6977585.0,19442216.700781472,8240930.0,21627220.487973098,10296673,29423626.73918747,1,16.0,440245,4474836,"440245,4474836",-3.704390141926122,40.42200919769803
86,308,308,PLAZA DE ESPAÑA,Plaza de España,7037490.0,20185904.762508854,7304430.0,19472665.0,7509320.0,21499520.781884015,8124672.0,21782440.952334933,8454651.0,23954089.14656778,8926880,26997269.7628071,9,92.0,439778,4475204,"439778,4475204",-3.7099295773068532,40.42529063813169
87,309,309,VENTURA RODRIGUEZ,Ventura Rodríguez,1358179.0,2614856.5281645698,1356101.0,2610708.0,1432214.0,2816731.424,1542521.0,3086236.9492000006,1661283.0,3153399.3299492244,1710879,3427547.9299276415,1,15.0,439594,4475613,"439594,4475613",-3.712137371197498,40.42896175045933
18,310,310,ARGÜELLES,Argüelles,7467281.0,21587588.815962847,7538463.0,20969388.0,7814815.0,21442270.717100002,8315587.0,22986799.4973,8609355.0,25421436.336901367,8730601,24440415.817587763,7,71.0,439380,4476012,"439380,4476012",-3.7146981223521687,40.432540546094174
176,311,311,MONCLOA,Moncloa,17582359.0,37552834.5355,17473573.0,36616959.0,18320408.0,38296775.41931063,19344895.0,40909622.22721596,19640249.0,42073023.494063236,20457083,43044696.661650956,9,91.0,439089,4476498,"439089,4476498",-3.718175281921233,40.436897376376045
9,351,351,ALMENDRALES,Almendrales,1633152.0,2977076.147476054,1683888.0,3020077.0,1842268.0,3210538.9958773004,2096286.0,3427243.2049999996,2242397.0,3795519.704605334,2395257,4520155.591638947,12,124.0,440873,4470831,"440873,4470831",-3.696615774720755,40.38597500020145
8,352,352,HOSPITAL 12 DE OCTUBRE,Hospital 12 de Octubre,1523262.0,2717129.543829963,1510947.0,2690935.0,1598330.0,2821901.2449694294,1775237.0,3185385.0448999996,1863161.0,3678580.4445798043,1956237,3911399.460455894,12,122.0,441038,4469823,"441038,4469823",-3.6945786607893485,40.376906081733395
12,353,353,SAN FERMIN-ORCASUR,San Fermín-Orcasur,1668748.0,3035160.6357432166,1724045.0,3164563.0,1843935.0,3351311.1425212296,2118507.0,3643830.4759,2272549.0,3840113.197546707,2427867,4528075.984402979,12,123.0,441176,4469263,"441176,4469263",-3.6929014410154357,40.37187104121168
209,354,354,CIUDAD DE LOS ANGELES,Ciudad de los Ángeles,2236403.0,3964868.7171338475,2285646.0,4039055.0,2400051.0,4208249.709224408,2590389.0,2744288.088732998,2725598.0,4758119.330298319,2906056,5511503.098315354,17,175.0,441213,4468107,"441213,4468107",-3.692359070146996,40.36145974323683
155,355,355,VILLAVERDE BAJO CRUCE,Villaverde Bajo-Cruce,2945974.0,5259096.375582395,2871761.0,5086188.0,2979468.0,5453911.574695728,3304034.0,6004206.654192936,3517435.0,5902242.590430307,3770125,7103084.968027404,17,174.0,441289,4467142,"441289,4467142",-3.691375244094828,40.35277181046004
210,356,356,SAN CRISTOBAL,San Cristóbal,1130291.0,2134595.394522738,1136989.0,2154768.0,1216355.0,2260565.7853261638,1347542.0,2506042.8021920207,1464112.0,2556038.4152464,1626783,3096590.679920376,17,171.0,441235,4466104,"441235,4466104",-3.6919155325407367,40.343417079799565
151,357,357,VILLAVERDE ALTO,Villaverde Alto,2069024.0,4098088.4757546643,2074747.0,4080806.0,2230486.0,4369155.710630874,2484515.0,4718977.149900001,2696708.0,5065652.351223423,2874428,5387730.708057247,17,171.0,439638,4466082,"439638,4466082",-3.7107156241588295,40.3431048857829
100,404,404,ALONSO MARTINEZ,Alonso Martínez,5003437.0,24223081.053536173,5172027.0,25177286.0,5414820.0,27437887.49069999,5292049.0,25337689.67707849,5521382.0,28449982.60376371,6090928,31569830.632539667,7,73.0,441076,4475672,"441076,4475672",-3.694672504707036,40.429599545683715
30,405,405,COLON,Colón,1389885.0,2708940.2512199087,1369910.0,2634177.0,1394934.0,2694762.2714633006,1455765.0,11426461.255945405,1454955.0,3103672.8795401426,1391693,2917829.359112561,7,74.0,441493,4475413,"441493,4475413",-3.6897328704961523,40.42729578319431
217,406,406,SERRANO,Serrano,2222217.0,4396523.566994,2234935.0,4414328.0,2266444.0,4462306.9871000005,2437536.0,4756181.4258,2559737.0,4809636.78135212,2690633,5400302.079969542,4,41.0,441864,4475412,"441864,4475412",-3.6853593968081433,40.427312783748626
64,407,407,VELAZQUEZ,Velázquez,1716495.0,2832758.5938269133,1723541.0,3616515.0,1822256.0,3896372.6454999996,1920677.0,4155553.8773,2026645.0,4147378.1794908657,2164331,4382902.64476025,4,41.0,442179,4475365,"442179,4475365",-3.6816418691906234,40.426911337680565
72,409,409,LISTA,Lista,1211888.0,2088210.1857999999,1294938.0,2674648.0,1346009.0,2730638.598786974,1483207.0,3121337.7549,1572925.0,3076126.532380595,1586108,3160511.3575610844,4,41.0,442819,4475819,"442819,4475819",-3.67413835427078,40.43104543597241
218,410,410,DIEGO DE LEON,Diego de León,5453767.0,18451454.206839196,5422990.0,18538294.0,5529445.0,19793158.5227,5755484.0,6385472.9013,6175351.0,21512670.53622201,6290179,23850677.639598,4,45.0,442862,4476430,"442862,4476430",-3.6736863683068823,40.43655258525127
36,411,411,AVENIDA DE AMERICA,Avenida de América,11472431.0,49502293.458125904,11500267.0,50693337.0,11868650.0,52482739.49684032,12665592.0,60203436.124800004,12547256.0,53760833.94986766,12906469,55532853.391163126,5,52.0,442722,4476804,"442722,4476804",-3.6753706456333624,40.43991213057158
65,412,412,PROSPERIDAD,Prosperidad,1896511.0,4034734.9275821424,1861783.0,4004304.0,1857684.0,4017526.189476961,1971575.0,4278106.130799999,2059125.0,4218964.089504331,2020491,4099451.0745957955,5,53.0,442882,4477486,"442882,4477486",-3.673545514894388,40.446066924625626
220,413,413,ALFONSO XIII,Alfonso XIII,2668701.0,5122638.667498717,2625640.0,5092889.0,2628262.0,5109123.867597118,2763445.0,5930456.1353,2950655.0,5738261.973577783,2947512,5877012.499775153,5,52.0,443471,4477932,"443471,4477932",-3.66664006989108,40.45012497009856
221,414,414,AVENIDA DE LA PAZ,Avenida de La Paz,1044788.0,2468233.1297000004,1008275.0,2291300.0,1022641.0,2308816.8708360316,1101500.0,2494585.497549827,1186608.0,2279892.0288906014,1199093,2344368.9336988674,15,156.0,444046,4478515,"444046,4478515",-3.6599109661213647,40.455415828030134
66,415,415,ARTURO SORIA,Arturo Soria,1855539.0,3829012.2929,1808408.0,4348220.0,1827948.0,4428113.716817909,1995636.0,5112558.263499999,2083421.0,4496219.181716474,1959201,4015034.3078206084,15,156.0,444472,4478766,"444472,4478766",-3.6549090699290887,40.45770553328072
222,416,416,ESPERANZA,Esperanza,1313805.0,2721055.5341415396,1283914.0,2662570.0,1309955.0,2701893.2235902143,1417666.0,2185898.1751861116,1443798.0,2795888.555260931,1500771,2888475.23456425,16,163.0,445354,4479161,"445354,4479161",-3.644541210717752,40.461322362547776
67,417,417,CANILLAS,Canillas,2166561.0,4404590.616692519,2140719.0,4278645.0,2196588.0,4460143.282856018,2415423.0,12139350.6194,2441655.0,4725818.615029187,2412336,4786632.351925273,16,163.0,446224,4479639,"446224,4479639",-3.6343208013579598,40.46568519880365
223,418,418,MAR DE CRISTAL,Mar de Cristal,2715336.0,10424737.3658,2816345.0,10384059.0,2872739.0,10644278.169342903,3194688.0,10689929.166826619,3021865.0,9864215.207424108,3125221,10253547.20569344,16,164.0,445997,4480264,"445997,4480264",-3.6370514481735845,40.47130079518957
224,419,419,SAN LORENZO,San Lorenzo,1319802.0,2863950.0178129394,1316868.0,2869657.0,1382426.0,3133759.9024,1561935.0,3201628.4042923613,1662805.0,3044041.405405133,1618624,3158546.588074972,16,164.0,445895,4480825,"445895,4480825",-3.6383024849988694,40.47634792747644
68,420,420,PARQUE DE SANTA MARIA,Parque de Santa María,1029585.0,2215186.518998043,1024261.0,2160559.0,1052994.0,2247645.9213286466,1113897.0,2339507.1912,1181099.0,2161944.1893218136,1185431,2278763.447799616,16,164.0,445417,4481122,"445417,4481122",-3.643966906151966,40.4789921692128
19,421,421,HORTALEZA,Hortaleza,921084.0,1587388.514193517,932757.0,1580569.0,971642.0,1625190.1293,1117035.0,1846166.5710479156,1160340.0,2272233.138310169,1190057,2339723.995044627,16,164.0,444794,4480933,"444794,4480933",-3.6513001200943025,40.47724838386667
177,422,422,MANOTERAS,Manoteras,726474.0,1375239.7680434543,731839.0,1367586.0,764336.0,1416798.5077000002,853503.0,1556976.157711628,920953.0,1763051.279702961,919943,1806983.0327474591,16,165.0,443920,4481106,"443920,4481106",-3.6616259031434693,40.478748285830456
225,501,501,CANILLEJAS,Canillejas,1903846.0,3495434.7327171233,1982856.0,3655130.0,1999535.0,3717565.7948000003,1891387.0,4730355.668899999,2205024.0,4305404.439273673,2329472,4537890.3852504175,20,207.0,448539,4478026,"448539,4478026",-3.606884677541199,40.451300981086
226,502,502,TORRE ARIAS,Torre Arias,1470817.0,2856503.3322000005,1410565.0,2716294.0,1418424.0,2845947.1037999997,1281069.0,2501333.4871813934,1526997.0,2843968.437107535,1631056,3139205.8066894906,20,208.0,447785,4477401,"447785,4477401",-3.615724803866437,40.44562359485302
227,503,503,SUANZES,Suanzes,1854275.0,3664409.5290303985,1940108.0,3759434.0,1967711.0,3835659.378737487,1829907.0,3526036.744896461,2257877.0,5236862.824158998,2355856,4972381.10019193,20,201.0,446948,4477085,"446948,4477085",-3.625567850723639,40.44272389673328
69,504,504,CIUDAD LINEAL,Ciudad Lineal,2975058.0,6425863.66286298,2967716.0,6481553.0,3007909.0,6651969.5592,2748674.0,4549940.3270176025,3384179.0,6708671.860815969,3484048,6956875.921703148,15,153.0,445986,4476781,"445986,4476781",-3.6368848625334786,40.43992335800126
90,505,505,PUEBLO NUEVO,Pueblo Nuevo,3282056.0,11334724.464068403,3240856.0,11175103.0,3365643.0,11729958.798752535,3642348.0,11707721.800687011,3781363.0,12616887.297650807,3964824,12993083.805983696,15,153.0,445588,4476523,"445588,4476523",-3.641555350902625,40.43757320372792
228,506,506,QUINTANA,Quintana,2156017.0,4361665.383128938,2150909.0,4247039.0,2269979.0,4562856.824540812,2087208.0,4195754.183588638,2556328.0,4562306.513549435,2689867,5145672.811700742,15,153.0,445202,4476291,"445202,4476291",-3.6460862796701816,40.43545787533791
229,507,507,EL CARMEN,El Carmen,2906593.0,5715857.679159753,2885001.0,5685221.0,3026409.0,5939595.28367376,2743508.0,1049000.8828400765,3388192.0,6009953.589416981,3583085,6835562.809166531,15,154.0,444334,4476110,"444334,4476110",-3.656303796502713,40.43376968660673
230,510,510,NUÑEZ DE BALBOA,Núñez de Balboa,3294543.0,10830921.353453407,3323646.0,11078727.0,3359798.0,11366740.866262559,3267706.0,11331166.927299999,3575219.0,11457707.448132455,3700717,12679005.483601054,4,46.0,442214,4476225,"442214,4476225",-3.681307470532406,40.434661072694944
231,511,511,RUBEN DARIO,Rubén Darío,2199468.0,4655378.771555869,2145086.0,4625496.0,2184767.0,4658796.465763103,1952788.0,4234308.269830958,2319402.0,5215267.756133584,2289661,4870261.904278556,7,74.0,441624,4476271,"441624,4476271",-3.688267429774448,40.435034260286855
202,513,513,CHUECA,Chueca,1505549.0,3006761.311613672,1546042.0,2837422.0,1689767.0,3278864.276130617,1600567.0,13232320.1646,2143160.0,4680150.412280123,2633269,5606256.979150406,1,14.0,440930,4475141,"440930,4475141",-3.696344284593213,40.42480569388172
70,517,517,LA LATINA,La Latina,2678214.0,5529808.904140928,2778704.0,5714067.0,3200898.0,6097598.911177462,2821562.0,5482477.579400073,3266676.0,6445698.376692167,3444363,6913802.690523644,1,12.0,440025,4473855,"440025,4473855",-3.706890808706246,40.41315606646057
23,518,518,PUERTA DE TOLEDO,Puerta de Toledo,1700614.0,4168317.135653347,1765139.0,4267087.0,1793968.0,4274359.300137281,1627542.0,3870500.5026569385,1913608.0,3774626.3963742796,1917189,3796593.549281786,1,12.0,439776,4473386,"439776,4473386",-3.7097810236491493,40.408913115407394
213,519,519,ACACIAS,Acacias,1129063.0,2793312.967023458,1136287.0,2854665.0,1193833.0,2911809.916896544,1220270.0,2626999.2332213623,1411894.0,4098463.4528503097,1490171,4447628.502393343,2,22.0,440147,4473032,"440147,4473032",-3.7053755560482413,40.40575086996907
162,520,520,PIRAMIDES,Pirámides,1663805.0,3341065.8583769333,1777872.0,3479807.0,1775127.0,3426429.591511614,1550485.0,3039780.8787977216,1649543.0,3771397.3953644354,1620491,3460697.424217002,2,22.0,439744,4472894,"439744,4472894",-3.710111554842187,40.404478630309214
233,521,521,MARQUES DE VADILLO,Marqués de Vadillo,3165967.0,5662782.495212669,3203927.0,5749464.0,3314994.0,5865619.047566913,2989589.0,5301032.305162905,3509859.0,6162511.411466125,3647449,6732615.501047866,11,112.0,439351,4472315,"439351,4472315",-3.7146875193568496,40.39923418931307
234,522,522,URGEL,Urgel,2270099.0,3846172.679842678,2317918.0,3944214.0,2412094.0,4058797.475526625,2230742.0,3713930.8806273486,2777668.0,4785980.481057161,2862247,5365029.923890668,11,112.0,438698,4471876,"438698,4471876",-3.72233962481483,40.395231658485336
216,523,523,OPORTO,Oporto,5075485.0,16098085.454931553,5434854.0,15906557.0,5485588.0,17009094.89117167,6095001.0,17134433.27599612,6312936.0,17946592.239711292,6784465,20120412.076394517,11,112.0,438039,4471339,"438039,4471339",-3.73005197644299,40.39034535103203
235,524,524,VISTA ALEGRE,Vista Alegre,1760323.0,2743363.684431332,1903423.0,2982591.0,2049529.0,3084517.489697696,1855906.0,2799157.7732915403,2283726.0,4101019.4627173054,2420437,4719687.613063446,11,114.0,437318,4471387,"437318,4471387",-3.7385511767060122,40.390723814069894
71,525,525,CARABANCHEL,Carabanchel,1894604.0,3653090.7682490265,1923095.0,3643292.0,1944788.0,3781750.816320761,1743130.0,3553165.181213119,2135916.0,4345206.770137085,2270467,4525193.411402047,11,114.0,436888,4471277,"436888,4471277",-3.7436063524799006,40.38970041808395
59,526,526,EUGENIA DE MONTIJO,Eugenia de Montijo,1290746.0,2469326.4437850057,1269448.0,2402310.0,1265200.0,2486824.803403665,1132108.0,3969987.7105,1356109.0,2633330.389124809,1438452,2784779.1778396065,11,111.0,436347,4470900,"436347,4470900",-3.7499424052697137,40.38626307883476
212,527,527,ALUCHE,Aluche,4726878.0,10058235.081188703,4616286.0,9685621.0,4740816.0,10243034.117127236,4198230.0,9190192.404048346,5100649.0,10399269.38493245,5506802,10711240.993875397,10,104.0,435534,4471045,"435534,4471045",-3.759534831566494,40.3875067851734
77,528,528,EMPALME,Empalme,1149554.0,2391664.95963207,1126116.0,2337690.0,1152453.0,2418411.768642274,1042777.0,11693319.0691,1247882.0,2370128.521920199,1313209,2522448.5247047343,10,101.0,435153,4471597,"435153,4471597",-3.7640795739444264,40.392449847346164
3,529,529,CAMPAMENTO,Campamento,1745153.0,3808085.1967925304,1722779.0,3706355.0,1740713.0,3776385.8056,1565672.0,3473990.1748811183,1886557.0,3724170.120704747,1974582,3890118.2111750552,10,104.0,434921,4472069,"434921,4472069",-3.766861190122658,40.396683707615445
89,530,530,CASA DE CAMPO,Casa de Campo,1472440.0,11874136.935646964,1212780.0,11635110.0,1255318.0,11811579.320695113,1576524.0,3191252.2391999997,1413609.0,9839897.441432977,1485570,10612320.262176193,9,91.0,435533,4473000,"435533,4473000",-3.7597445466334585,40.40511811143536
53,551,551,EL CAPRICHO,El Capricho,553618.0,719471.9684913153,610942.0,1033310.0,604920.0,1056112.7689999999,590423.0,1224132.0,696080.0,1267150.5282062972,742357,1422566.0542320975,21,211.0,449742,4478467,"449742,4478467",-3.592733216241456,40.45534738759555
96,552,552,ALAMEDA DE OSUNA,Alameda de Osuna,1171113.0,2133076.73739159,1184589.0,2238792.0,1199294.0,2267291.8762698835,1167080.0,2153943.946420048,1336992.0,3110858.7799722226,1431928,2947953.6110895476,21,211.0,450295,4478943,"450295,4478943",-3.586248837861237,40.45966874609504
48,601,601,LAGUNA,Laguna,1563239.0,3418119.9134995057,1326742.0,2833316.0,1704183.0,3612451.6066875756,1979698.0,4017219.5666599115,2127238.0,4172307.6310892045,2260268,4347947.154105577,10,101.0,436948,4472543,"436948,4472543",-3.7430248264853594,40.4011096296624
80,602,602,CARPETANA,Carpetana,2585629.0,4555084.370667781,2163937.0,3695214.0,2669514.0,4684044.045937531,3101181.0,1216645.0092000002,3211222.0,5921880.1469386,3464392,6751985.877205006,11,114.0,437222,4471816,"437222,4471816",-3.7397244966832535,40.39458120423941
81,604,604,OPAÑEL,Opañel,1777766.0,3489199.8290885272,1733406.0,3484906.0,1831611.0,3635244.3242618637,2048341.0,3951820.6574751753,2206939.0,3906267.421382501,2381420,4561270.149075652,11,112.0,438733,4471160,"438733,4471160",-3.721858361973126,40.38878416634823
34,605,605,PLAZA ELIPTICA,Plaza Elíptica,5460220.0,16255227.453407703,5529348.0,16300721.0,5684934.0,16973040.86398344,6120400.0,18665681.950551793,6546797.0,18378024.817340318,6857683,20258270.595823888,11,117.0,439135,4470901,"439135,4470901",-3.7170975348501867,40.38648043584081
4,606,606,USERA,Usera,3737017.0,8040773.988885856,3669767.0,7424088.0,3826685.0,7653121.7881000005,4266895.0,9020881.835722324,4720342.0,8101879.020248627,5247325,10045029.129629051,12,125.0,440111,4471170,"440111,4471170",-3.705624649251686,40.38897445844945
166,608,608,ARGANZUELA-PLANETARIO,Arganzuela-Planetario,1090064.0,2145921.1237999997,1109974.0,1998927.0,1149829.0,2210365.9529999997,1246598.0,2415529.7274999996,1338441.0,3142010.4833451053,1386341,2871657.707190259,2,25.0,441666,4471824,"441666,4471824",-3.687364484947353,40.39497638613867
215,609,609,MENDEZ ALVARO,Méndez Álvaro,7240877.0,14666281.025248723,7155743.0,14682242.0,7318535.0,15019624.6816,7708764.0,15885487.037622018,7964600.0,14235955.738285316,8439330,15815500.811407916,2,27.0,442559,4472070,"442559,4472070",-3.6768649302612757,40.39725455819831
82,611,611,CONDE DE CASAL,Conde de Casal,4554958.0,8967343.6139,4605719.0,9280607.0,5169591.0,10521213.1783,5135429.0,2743983.7922057947,5485635.0,10894821.87201782,5649788,11041996.863835843,3,36.0,443225,4473352,"443225,4473352",-3.6691318751478943,40.408849200009
160,612,612,SAINZ DE BARANDA,Sáinz de Baranda,2896471.0,11912594.659448588,2851289.0,11891601.0,2883116.0,12619425.603699999,3005540.0,13713825.1181,3188166.0,14398366.511067886,3222014,14270485.352705628,3,36.0,443307,4474250,"443307,4474250",-3.668245533355666,40.41694446127758
5,613,613,O'DONNELL,O´Donnell,3005673.0,6833978.787330419,3055291.0,7296830.0,3065788.0,7397557.2031,3425156.0,8062629.9849,3775214.0,7802285.186509415,3957452,8055701.769894395,4,43.0,443392,4475118,"443392,4475118",-3.6673209581040855,40.424769654469365
185,617,617,REPUBLICA ARGENTINA,República Argentina,1217828.0,3007797.8217146387,1227003.0,2991751.0,1275419.0,3079068.3425320736,1323741.0,3283536.691464986,1342002.0,3262307.7452687006,1416795,3025933.668082384,5,51.0,442098,4477448,"442098,4477448",-3.6827864982375034,40.44567036947528
76,618,618,NUEVOS MINISTERIOS,Nuevos Ministerios,14536234.0,41808060.67924674,14973913.0,42631992.0,15883382.0,47463451.7961,15656389.0,45221947.4581,17552177.0,43922620.10587463,17509048,49957884.15472406,6,62.0,441392,4477767,"441392,4477767",-3.691140590467951,40.44849459467086
41,620,620,GUZMAN EL BUENO,Guzmán el Bueno,2666747.0,11861639.976788199,2857117.0,12607056.0,3027020.0,13313633.119490106,3193439.0,14204613.605364036,3232869.0,12742417.573041497,3252285,12423846.543655105,7,76.0,439706,4477752,"439706,4477752",-3.7110200546158136,40.44823889271545
83,621,621,VICENTE ALEIXANDRE,Vicente Aleixandre,1752727.0,4346408.404143725,1624680.0,4101552.0,1636422.0,4218862.146243595,1796332.0,4578125.030145058,1949003.0,4694236.528075291,1952694,4164370.510025979,9,93.0,439101,4477765,"439101,4477765",-3.7181552653238716,40.448311901419274
91,622,622,CIUDAD UNIVERSITARIA,Ciudad Universitaria,4456121.0,9733698.997860799,4761708.0,10401206.0,4856039.0,10607257.286746243,4969832.0,5994568.916240233,5228141.0,14887925.020257477,5095429,11735835.558928363,9,93.0,438474,4477451,"438474,4477451",-3.725518224771976,40.44543710092881
113,625,625,PRINCIPE PIO,Príncipe Pío,14649215.0,34887005.69427958,14379218.0,32253504.0,15073326.0,34199930.9468,15727577.0,35555171.6567,16395860.0,43327825.534213744,16977528,46253576.62779249,9,91.0,439002,4474950,"439002,4474950",-3.7190524405024856,40.42294596481657
6,626,626,PUERTA DEL ANGEL,Puerta del Ángel,2628931.0,5723611.124652413,3186667.0,6275691.0,2819715.0,5992346.117915214,3031921.0,6321561.837,3122570.0,5684724.457881688,3259560,6301189.2934861,10,102.0,438409,4474159,"438409,4474159",-3.725965672024424,40.41577661719096
84,627,627,ALTO DE EXTREMADURA,Alto de Extremadura,1789773.0,4030916.5928370063,1606499.0,3425550.0,1872294.0,4150006.683862348,2025403.0,4467863.3344,2165920.0,4312661.301385217,2293099,4551071.092589055,10,102.0,437413,4473726,"437413,4473726",-3.7376618901576957,40.411801671332405
171,628,628,LUCERO,Lucero,2749093.0,5842451.669081832,2311505.0,4814078.0,2817122.0,5825140.8261,2992195.0,6191106.486400001,3154239.0,5546091.2062898325,3363592,6394828.526591489,10,103.0,436865,4473195,"436865,4473195",-3.7440675197341053,40.40697682449798
56,701,701,LAS MUSAS,Las Musas,1096261.0,2247597.14182582,1095190.0,2290999.0,1100800.0,2281792.740020547,1197175.0,2486238.8699728996,1243370.0,2421295.8332165875,1310640,2564657.668506557,20,205.0,448550,4476201,"448550,4476201",-3.6066071490240477,40.434860958024615
120,702,702,SAN BLAS,San Blas,1028798.0,2288795.3015133836,1020220.0,2321110.0,1072289.0,2431069.6303000003,1152801.0,2591548.5802,1243467.0,2392607.818257506,1348056,2624805.8867865605,20,203.0,447903,4475651,"447903,4475651",-3.614189930505172,40.42986594659475
121,703,703,SIMANCAS,Simancas,1466328.0,2999392.0922647063,1480764.0,2973792.0,1609811.0,3190157.165845259,1753392.0,3454855.2602251754,1909316.0,3187147.013314718,2060223,3858228.294746788,20,201.0,447033,4475657,"447033,4475657",-3.6244465946201587,40.429865055993766
13,704,704,GARCIA NOBLEJAS,García Noblejas,1995999.0,4090544.7699607415,1972068.0,4105889.0,1996975.0,4114771.0394974933,2244588.0,4540084.527474685,2464561.0,4575498.833223921,2633354,5185836.884297319,15,152.0,446390,4475710,"446390,4475710",-3.6320311828351524,40.43030131940954
161,705,705,ASCAO,Ascao,1786653.0,3921283.3096224866,1793324.0,3952420.0,1856345.0,4089276.4398000007,1981926.0,4381334.8167,2101108.0,3750763.276608629,2223411,4296938.841417851,15,152.0,445734,4475912,"445734,4475912",-3.6397818380016287,40.432078512843056
189,707,707,BARRIO DE LA CONCEPCION,Barrio de la Concepción,2035217.0,3979866.3554825867,2034347.0,3980716.0,2098022.0,4281593.9350000005,2278175.0,4606673.9743,2424447.0,4514468.00548758,2515561,4933044.3808882255,15,155.0,444813,4476906,"444813,4476906",-3.650725851952294,40.440972403515886
201,708,708,PARQUE DE LAS AVENIDAS,Parque de las Avenidas,1306972.0,2543647.0812811987,1293361.0,2525492.0,1279278.0,2531559.1084085307,1329418.0,2674362.403761328,1402446.0,2735732.5517971413,1405660,2775869.712663287,4,44.0,443883,4476952,"443883,4476952",-3.661695125678247,40.44132455149283
26,709,709,CARTAGENA,Cartagena,1506576.0,3170129.4188,1404576.0,2927882.0,1387681.0,2950458.274798374,1393962.0,5204419.315346293,1457217.0,2984526.766324406,1493910,3041941.4144916316,5,52.0,443104,4476946,"443104,4476946",-3.6708794558490103,40.441217562003544
14,711,711,GREGORIO MARAÑON,Gregorio Marañón,3956263.0,20311983.877506472,3992875.0,19429186.0,4199299.0,21918554.046200003,4345104.0,23210491.6352,4366480.0,24564371.826419167,4447602,26684802.38748231,7,75.0,441463,4476838,"441463,4476838",-3.690217762658738,40.44013074357838
191,712,712,ALONSO CANO,Alonso Cano,1622063.0,3300233.4651707765,1621118.0,3302285.0,1919193.0,3877193.1455999995,1888406.0,3720944.326886418,1966988.0,4115481.901786824,2055632,4205260.571004653,7,74.0,440805,4476857,"440805,4476857",-3.6979775576701144,40.44025532321676
27,714,714,ISLAS FILIPINAS,Islas Filipinas,3463520.0,6985754.008199999,3420667.0,6375956.0,3545283.0,7196543.7864,3734632.0,7679310.631200001,4011199.0,7872823.796273008,4054332,8149541.888087252,7,76.0,439577,4476943,"439577,4476943",-3.712464226708553,40.440941722231166
192,716,716,FRANCOS RODRIGUEZ,Francos Rodríguez,2270285.0,5251380.856612422,2270042.0,5216676.0,2403918.0,5727545.036499999,2460837.0,5949151.4224000005,2608424.0,4855186.316168399,2643300,5180831.919205068,9,93.0,439707,4478875,"439707,4478875",-3.711114904112156,40.45835539822918
174,717,717,VALDEZARZA,Valdezarza,1038229.0,1759958.7364015793,1100502.0,1832044.0,1127808.0,1886517.3617999998,1197184.0,2004636.2437999998,1306592.0,2320663.721225109,1314150,2471796.2028630082,9,94.0,439410,4479804,"439410,4479804",-3.7147062533678756,40.46670258009849
193,718,718,ANTONIO MACHADO,Antonio Machado,1221724.0,2011683.9490394576,1224626.0,1999047.0,1248079.0,2048052.6884999997,1325103.0,2183773.289289466,1399570.0,2488684.16651394,1409503,2650423.351650245,9,94.0,439269,4480404,"439269,4480404",-3.7164267717867943,40.472097303116165
15,719,719,PEÑAGRANDE,Peñagrande,1866825.0,3357527.4038038417,1903187.0,3378530.0,1955376.0,3478559.2967,2050650.0,3672937.5953999995,2195807.0,3915915.616110553,2225987,4285404.407765629,8,84.0,439433,4481036,"439433,4481036",-3.7145526057478695,40.477802560997375
173,720,720,AVDA. DE LA ILUSTRACION,Avenida de la Ilustración,1201541.0,2621574.3156000003,1244210.0,2563220.0,1257777.0,2619881.9516863585,1318945.0,2804745.4314639163,1342566.0,2623826.56162437,1330538,2639200.8212315883,8,83.0,439218,4481501,"439218,4481501",-3.71713350200197,40.48197573352915
172,721,721,LACOMA,Lacoma,1076146.0,2203617.9438979723,1066583.0,2217782.0,1061378.0,2206299.812591687,1097502.0,2393164.6907,1139355.0,2236351.879877488,1146113,2393059.2174844146,8,83.0,438829,4482050,"438829,4482050",-3.7217757305689827,40.48689273963763
21,723,723,PITIS,Pitis,451569.0,985316.1689,462711.0,999812.0,470531.0,962331.5153400459,542912.0,1139419.3696,603283.0,1382413.9937807296,581920,1207335.8634062547,8,87.0,438597,4483172,"438597,4483172",-3.7246216816125757,40.496982939371215
148,751,751,ESTADIO METROPOLITANO,Estadio Metropolitano,300260.0,4006383.178,184077.0,4230624.0,169887.0,3504763.0575,479394.0,4943247.8387,1101171.0,10723300.532060366,999941,12161557.745682608,20,205.0,449206,4476242,"449206,4476242",-3.598876440909055,40.43527063477095
204,754,754,BARRIO DEL PUERTO,Barrio del Puerto,416135.0,809138.0,534985.0,1033123.0,544742.0,1037737.0,645926.0,1225475.0,585410.0,1136197.0,742399,1455346.0,1,,451824,4475015,"451824,4475015",-3.5679179236955285,40.42437274706912
188,755,755,COSLADA CENTRAL,Coslada Central,1298277.0,2506950.0,1587121.0,3045725.0,1507823.0,2872240.0,1953550.0,1452518.0,1713187.0,3279701.0,2154014,4144771.0,1,,452504,4475148,"452504,4475148",-3.5599121130099274,40.42561000240538
203,756,756,LA RAMBLA,La Rambla,733865.0,1497617.0,984717.0,1977795.0,1380043.0,2700561.0,1077340.0,2191202.0,885717.0,1820724.0,1094875,2245773.0,2,,453630,4475298,"453630,4475298",-3.546649651395441,40.427024832350895
205,757,757,SAN FERNANDO,San Fernando,511993.0,966930.0,596388.0,1124948.0,177224.0,350862.0,688531.0,1314097.0,649283.0,1249504.0,828875,1595887.0,1,,454691,4475210,"454691,4475210",-3.534135916140578,40.426290525397064
38,758,758,JARAMA,Jarama,289328.0,464424.0,346971.0,545501.0,25066.0,41854.0,406921.0,691007.0,371223.0,670215.0,463989,843277.0,1,,455531,4475043,"455531,4475043",-3.5242220930252217,40.42483138664967
206,759,759,HENARES,Henares,253963.0,480122.0,296386.0,541783.0,21528.0,40817.0,354878.0,665198.0,333217.0,631931.0,421592,800356.0,1,191.0,455385,4474468,"455385,4474468",-3.5259028010732587,40.41964353125745
199,760,760,HOSPITAL DEL HENARES,Hospital del Henares,148312.0,319532.0,167853.0,364502.0,12335.0,26398.0,186747.0,405334.0,164482.0,351971.0,208024,446101.0,2,21.0,454761,4474454,"454761,4474454",-3.5332569539602297,40.419483718623226
175,802,802,COLOMBIA,Colombia,4073873.0,11896077.565498916,4014172.0,11855676.0,4037333.0,12090838.62443382,3873001.0,13710286.44526617,4295941.0,13290627.051935459,4387776,13762503.786333777,5,54.0,442722,4478836,"442722,4478836",-3.675553918852979,40.458217350359774
146,803,803,PINAR DEL REY,Pinar del Rey,1452576.0,2959382.312,1477392.0,2940388.0,1529186.0,3035720.575016561,1161156.0,2594090.9694,1663082.0,2912459.574250227,1710070,3275758.8409406818,16,164.0,445119,4480112,"445119,4480112",-3.6473950850602104,40.469873957470696
58,805,805,FERIA DE MADRID,Feria de Madrid,2206216.0,4170497.0069999998,1993241.0,4049314.0,1979064.0,4145368.552429419,1548603.0,2234024.394275226,2433049.0,4398652.120879191,2618273,5327895.7132914,21,215.0,447868,4479637,"447868,4479637",-3.61492972838487,40.46577196947186
35,806,806,AEROPUERTO T1 T2 T3,Aeropuerto T1-T2-T3,2371037.0,4728100.815492534,2493820.0,4964544.0,2546634.0,4969240.153858151,2137531.0,4119896.0486006034,2879690.0,3738739.667354106,2970467,5589650.0,21,212.0,451828,4480138,"451828,4480138",-3.56825934725416,40.47052434639829
179,807,807,BARAJAS,Barajas,1756215.0,3457944.8260492194,1783242.0,3489010.0,1811131.0,3571433.2685806886,1434205.0,2902986.3973530815,1983552.0,3412352.8138180464,2082972,3972729.8387729838,21,214.0,450732,4480936,"450732,4480936",-3.581249636707496,40.477648923834586
20,808,808,AEROPUERTO T4,Aeropuerto T-4,1539486.0,3296726.75511586,1596582.0,3369195.0,1707556.0,3552902.779957984,1318380.0,2824406.0199022526,1758401.0,2913656.5626703007,2064660,3865600.0,21,212.0,449835,4482717,"449835,4482717",-3.591972597929132,40.493639472792054
16,901,901,HERRERA ORIA,Herrera Oria,1629927.0,3760592.681448445,1568957.0,3717600.0,1544069.0,3632718.139636433,1599991.0,4037599.6012999993,1663157.0,3409645.2964830785,1661900,3296106.8147745105,8,85.0,440145,4482000,"440145,4482000",-3.706244246195136,40.48653824748697
194,902,902,BARRIO DEL PILAR,Barrio del Pilar,3035746.0,7209733.8367895605,2977091.0,6813689.0,2980587.0,6854640.9959,3149346.0,7255767.442299999,3278438.0,6170848.402478187,3260753,6412858.914572649,8,85.0,440507,4481134,"440507,4481134",-3.7018919574324913,40.47876301832213
197,903,903,VENTILLA,Ventilla,972626.0,1801095.280909614,987007.0,1820320.0,1065566.0,1883743.3174426495,1140122.0,2020107.7689098096,1215820.0,2218515.2531557684,1302490,2536670.4432890783,6,64.0,441118,4480302,"441118,4480302",-3.694606708345446,40.47131158054167
198,905,905,DUQUE DE PASTRANA,Duque de Pastrana,557414.0,1117174.398009954,539011.0,1106370.0,547544.0,1109750.9160165337,564886.0,19367039.577099998,606419.0,1273993.4511922216,633075,1265333.8551108544,5,56.0,442533,4480090,"442533,4480090",-3.6778964537917798,40.469500894144396
17,906,906,PIO XII,Pío XII,1293763.0,2265491.6697753533,1305465.0,2968979.0,1344104.0,3016462.691182282,1429955.0,3220642.687825705,1544724.0,3183524.3891591467,1585730,3227256.7907534577,5,55.0,442815,4479575,"442815,4479575",-3.674523707565107,40.464881004670104
196,908,908,CONCHA ESPINA,Concha Espina,1199462.0,2118289.7351,1217417.0,2548508.0,1225452.0,2564140.5220880006,1308694.0,9475054.13778892,1493795.0,2979497.2757334467,1528700,3066356.2682426274,5,53.0,442671,4478293,"442671,4478293",-3.676106353278445,40.453322238398904
207,909,909,CRUZ DEL RAYO,Cruz del Rayo,1060885.0,1642417.9649999999,1184843.0,2227911.0,1226139.0,2270580.977993175,1310997.0,3735840.0,1457273.0,2895923.410675111,1411825,2851567.79266417,5,53.0,442594,4477497,"442594,4477497",-3.676942431489933,40.44614618126502
28,913,913,IBIZA,Ibiza,1499251.0,3058609.8222007193,1491821.0,2919333.0,1563509.0,3041352.9261,1654009.0,3206246.2675,1729577.0,3636807.499283874,1900565,3858375.3278415464,3,34.0,442541,4474625,"442541,4474625",-3.677307728222514,40.42027012105455
1,915,915,ESTRELLA,Estrella,1906298.0,3764411.590323491,1854113.0,3741426.0,1860523.0,3777670.6358,1918043.0,7845465.2829,1928622.0,3673677.188116498,1948591,3773317.2114625806,14,141.0,443960,4473846,"443960,4473846",-3.66051346092635,40.41334923335036
92,916,916,VINATEROS,Vinateros,1730755.0,3252568.466965821,1724581.0,3253906.0,1792019.0,3423663.8875,1879873.0,3664624.0546,1904471.0,3745955.2242434477,1991403,3870137.671363195,14,144.0,444727,4473704,"444727,4473704",-3.6514614641261898,40.4121213044082
93,917,917,ARTILLEROS,Artilleros,2223991.0,4116642.7419737824,2194418.0,4073146.0,2260777.0,4208732.4283,2305703.0,4355516.413126929,2337585.0,4465626.388379727,2461657,4755196.347312445,14,146.0,445650,4473140,"445650,4473140",-3.6405352308918166,40.4071012351714
150,918,918,PAVONES,Pavones,2010522.0,4718258.066456082,1997586.0,4692750.0,2091495.0,4844121.6263219,2021225.0,4986894.54601367,1982718.0,4196718.176822655,2033368,4080481.197255541,14,141.0,446214,4472613,"446214,4472613",-3.6338441308166485,40.40239032307823
55,919,919,VALDEBERNARDO,Valdebernardo,1782367.0,2663156.3348204717,1838071.0,2845399.0,1914209.0,2940867.7483938276,1993218.0,3093593.7745888643,1953531.0,3818903.6893122867,2009864,3913082.0031024353,19,191.0,447364,4472553,"447364,4472553",-3.6202876913078597,40.40192329690433
187,920,920,VICALVARO,Vicálvaro,1734569.0,3084824.0561999995,1668368.0,2677414.0,1662944.0,2634804.0433,1706677.0,2768197.2107999995,1696102.0,3846569.717453529,1740653,3617730.9039686355,19,191.0,448445,4473008,"448445,4473008",-3.6075862133522287,40.4060898729789
95,921,921,SAN CIPRIANO,San Cipriano,707291.0,1498847.6115804117,689219.0,1481734.0,688839.0,1496425.6421935293,725223.0,1567418.3996000001,753239.0,1200158.9997481857,759552,1405966.5628473135,19,191.0,448993,4472960,"448993,4472960",-3.601124413217326,40.4056912117109
57,922,922,PUERTA DE ARGANDA,Puerta de Arganda,1517926.0,8474328.142,2390325.0,8077095.0,2490849.0,8359448.19557892,1644009.0,8901293.243121574,2573598.0,8051096.267765084,1860724,8271165.670293729,19,191.0,449536,4472679,"449536,4472679",-3.5947031336417075,40.40319286198055
159,951,951,MIRASIERRA,Mirasierra,861326.0,1674900.772312629,849079.0,1571512.0,849024.0,1658978.2518844928,925587.0,1906498.7774,970540.0,1958411.128464663,993664,1986284.5734091895,8,87.0,439402,4482720,"439402,4482720",-3.7150792900076643,40.492970347273925
63,952,952,PACO DE LUCIA,Paco de Lucía,0.0,0.0,410115.0,946459.0,647093.0,973069.3859000001,755301.0,1118600.3579,846979.0,1610930.0687711681,961205,1823268.300208316,8,87.0,440026,4483665,"440026,4483665",-3.707805850647586,40.50152854974674
44,1001,1001,FUENCARRAL,Fuencarral,1222879.0,2442537.78653863,1210626.0,2443898.0,1216236.0,2471664.9537000004,1316778.0,2660265.5612999997,1448340.0,2689751.1089359005,1568336,2985949.8193014967,8,86.0,441399,4483147,"441399,4483147",-3.691555085744763,40.4969603206664
156,1002,1002,BEGOÑA,Begoña,2981973.0,6682609.2469119355,3017590.0,7263984.0,3079763.0,7415815.199300001,3243665.0,7876702.506,3564843.0,7299889.883955116,3778090,7575732.532263644,8,85.0,441978,4481514,"441978,4481514",-3.684573223145519,40.48229029718296
114,1005,1005,CUZCO,Cuzco,3161252.0,6536458.5416550115,3153501.0,6585291.0,3333841.0,6854573.023007399,3512152.0,3398794.473188077,3665211.0,8307616.3915048465,3763320,7947256.004734381,5,54.0,441619,4479076,"441619,4479076",-3.6885842233442476,40.460302617511275
115,1006,1006,SANTIAGO BERNABEU,Santiago Bernabéu,3745704.0,7047476.002127717,3874967.0,7175736.0,4025361.0,7331870.355740037,4349908.0,7982842.452379731,4635442.0,9185081.658031331,4618966,9415454.713020489,5,51.0,441569,4478317,"441569,4478317",-3.6891040538445203,40.45346169985752
73,1013,1013,LAGO,Lago,884477.0,1825290.3115786752,957120.0,1809937.0,964407.0,1860173.5806273082,1029770.0,2004374.30825777,962283.0,1718897.7733710327,1123056,2235363.07272406,9,91.0,437699,4474444,"437699,4474444",-3.7343616224015874,40.41829116769422
74,1014,1014,BATAN,Batán,1711947.0,3476703.616037005,1666510.0,3463703.0,1787407.0,3621999.6060373588,1881464.0,3770607.013678168,1930319.0,3691683.3258510362,1998783,3928318.7652802533,9,91.0,436208,4473507,"436208,4473507",-3.7518411366452296,40.40973735764767
125,1016,1016,COLONIA JARDIN,Colonia Jardín,4476865.0,8514871.64882805,4560027.0,8665468.0,4707306.0,8879940.013368186,5031032.0,2814246.5598,5477010.0,10275128.450123047,5901018,11596466.544173677,10,105.0,434373,4472315,"434373,4472315",-3.773343372527412,40.39885676120329
145,1018,1018,AVIACION ESPAÑOLA,Aviación Española,1033457.0,1842741.5729036967,1186356.0,2129898.0,1300461.0,2280873.389084002,1424159.0,2459122.549795454,1507207.0,2483874.8183532017,1611830,3010188.6790371393,10,107.0,433570,4470841,"433570,4470841",-3.782651281572335,40.38551478662031
195,1019,1019,CUATRO VIENTOS,Cuatro Vientos,1316287.0,2497487.9480612846,1584928.0,3007702.0,1688831.0,3096930.3659955934,1897370.0,24894140.1658,2215656.0,3447998.1551676258,2418985,4293682.565636006,10,106.0,432919,4470188,"432919,4470188",-3.7902516647344275,40.37958017486509
117,1020,1020,JOAQUIN VILUMBRALES,Joaquín Vilumbrales,1145200.0,2111698.0,1255851.0,2464386.0,1327160.0,2633123.0,1376711.0,2737418.0,1383603.0,2744390.0,1623172,3214858.0,2,,431560,4467108,"431560,4467108",-3.8059294140952913,40.35172398632487
116,1021,1021,PUERTA DEL SUR,Puerta del Sur,2161753.0,10870952.888897423,2283363.0,11796031.0,2451143.0,12512873.5004,2509810.0,13119881.5519,2582458.0,10690570.812452517,2819379,11775867.043290107,2,,431138,4466601,"431138,4466601",-3.810843590635873,40.347122019766466
11,1051,1051,TRES OLIVOS,Tres Olivos,810652.0,9164495.1201,836864.0,9441571.0,854280.0,9865018.243399998,912366.0,10511515.504399998,921272.0,14548747.813939903,966881,13623681.70790587,8,86.0,441203,4483828,"441203,4483828",-3.693931148470968,40.50308115035021
219,1052,1052,MONTECARMELO,Montecarmelo,879188.0,1749754.0,869318.0,1736751.0,893008.0,1793139.0,965086.0,1922496.0,1026484.0,2054021.0,1066520,2145648.0,8,88.0,441160,4484278,"441160,4484278",-3.6944804167750616,40.50713185994083
88,1053,1053,LAS TABLAS,Las Tablas,1470668.0,2937175.0,1572049.0,3167392.0,1685846.0,3389528.0,1771553.0,3561984.0,1874812.0,3756024.0,1914787,3814764.0,8,86.0,443392,4484602,"443392,4484602",-3.66816712971057,40.51020588682294
39,1054,1054,RONDA DE LA COMUNICACION,Ronda de la Comunicación,630418.0,1246992.0,659876.0,1311869.0,705697.0,1424791.0,713090.0,1440455.0,779398.0,1569291.0,789724,1603928.0,8,86.0,443963,4485398,"443963,4485398",-3.661498281236183,40.51741534309056
183,1055,1055,LA GRANJA,La Granja,489864.0,1080931.0,506350.0,1113170.0,575962.0,1239913.0,642044.0,1360863.0,704119.0,1481940.0,696070,1496275.0,1,,444327,4486734,"444327,4486734",-3.6573192104872376,40.529475070549466
24,1056,1056,LA MORALEJA,La Moraleja,906260.0,1818163.0,992786.0,1996710.0,1111951.0,2212569.0,1273688.0,2533989.0,1361119.0,2721346.0,1310580,2623350.0,1,,446281,4487203,"446281,4487203",-3.634289954210289,40.53382895168053
157,1057,1057,MARQUES DE LA VALDAVIA,Marqués de la Valdavia,931303.0,1826494.0,959646.0,1903495.0,1087227.0,2140959.0,1231328.0,2401853.0,1336677.0,2639830.0,1379387,2723419.0,1,,446134,4488211,"446134,4488211",-3.6361114462926607,40.54289988380957
182,1058,1058,MANUEL DE FALLA,Manuel de Falla,551270.0,1127062.0,569678.0,1168402.0,649799.0,1331105.0,720032.0,1494644.0,777722.0,1592918.0,792982,1632659.0,1,,445338,4489267,"445338,4489267",-3.645602308497054,40.552360594589665
158,1059,1059,BAUNATAL,Baunatal,537563.0,1110842.0,552628.0,1144357.0,615140.0,1277620.0,685532.0,1423347.0,730878.0,1507014.0,732706,1521349.0,1,,446336,4489697,"446336,4489697",-3.6338523436234142,40.556299462531804
181,1060,1060,REYES CATOLICOS,Reyes Católicos,522430.0,1054054.0,547502.0,1108226.0,622250.0,1260812.0,698591.0,1400746.0,758646.0,1533858.0,764047,1547622.0,1,,447326,4489241,"447326,4489241",-3.622121596961581,40.552255190062084
184,1061,1061,HOSPITAL INFANTA SOFIA,Hospital Infanta Sofía,805602.0,1597590.0,832361.0,1652629.0,922350.0,1839324.0,1021803.0,2017776.0,1077172.0,2126286.0,1098173,2174880.0,1,,448344,4490276,"448344,4490276",-3.6101835105992075,40.561643020446354
118,1102,1102,ABRANTES,Abrantes,671397.0,1467022.2237044286,655156.0,1405002.0,685855.0,1444968.3877,770473.0,1576479.4037000001,838992.0,1460424.795566546,847881,1614280.2271813687,11,117.0,438322,4470489,"438322,4470489",-3.726635504694329,40.38270915112489
46,1103,1103,PAN BENDITO,Pan Bendito,447065.0,934676.7989105469,445889.0,904273.0,479010.0,962724.2965031111,534749.0,1055961.1761856356,599334.0,1037918.9625514963,617756,1156186.136450672,11,117.0,437786,4469942,"437786,4469942",-3.732896291093068,40.37774166867442
144,1104,1104,SAN FRANCISCO,San Francisco,695572.0,1359776.4412956983,704127.0,1313678.0,784399.0,1482353.350943008,949186.0,1698379.906095645,1025390.0,1560020.5746345997,1075071,1992875.446327353,11,116.0,437365,4469694,"437365,4469694",-3.737831015368991,40.37547603345111
167,1105,1105,CARABANCHEL ALTO,Carabanchel Alto,685257.0,1026326.4742544262,680844.0,1013248.0,726323.0,1067107.539,862140.0,3412867.549088439,969033.0,1675694.7851088825,1026997,1961905.4112521699,11,116.0,436276,4469526,"436276,4469526",-3.750641444305931,40.37388006209702
170,1106,1106,LA PESETA,La Peseta,741084.0,1338546.2490223986,733128.0,1320776.0,761428.0,1363381.7235924932,864991.0,1520147.5383,927034.0,1723012.9428791672,912199,1764948.8142346982,11,116.0,435845,4468666,"435845,4468666",-3.755631487475624,40.36609974003351
60,1107,1107,LA FORTUNA,La Fortuna,342642.0,626940.3974,347349.0,642325.0,386040.0,709771.7537695273,581851.0,972090.0557009453,603124.0,962412.8211190072,660986,1222672.7144138599,6,,434062,4467986,"434062,4467986",-3.7765599441596724,40.35983491299116
47,1202,1202,PARQUE LISBOA,Parque de Lisboa,862830.0,1682693.0,894198.0,1720160.0,941970.0,1821241.0,955287.0,1847448.0,785651.0,1517619.0,1071422,2065181.0,2,,430371,4467101,"430371,4467101",-3.819928619411031,40.35156252441466
164,1203,1203,ALCORCON CENTRAL,Alcorcón Central,1621989.0,3171768.0,1661600.0,3235825.0,1699922.0,3354989.0,1728076.0,3415472.0,1364729.0,2712776.0,1858728,3678775.0,1,,429473,4467154,"429473,4467154",-3.83050798865263,40.35196452172725
126,1204,1204,PARQUE OESTE,Parque Oeste,976086.0,1987897.0,990615.0,2019446.0,976738.0,2050794.0,922295.0,1883624.0,724745.0,1485319.0,938625,1924434.0,1,,427977,4466703,"427977,4466703",-3.848071799340463,40.347773962600094
127,1205,1205,UNIVERSIDAD REY JUAN CARLOS,Universidad Rey Juan Carlos,1063039.0,1711490.0,1188244.0,2286327.0,1145778.0,2222130.0,1211217.0,2358155.0,1021282.0,1979209.0,1308268,2547759.0,2,,426025,4465526,"426025,4465526",-3.8709177721020147,40.33700047786522
22,1206,1206,MOSTOLES CENTRAL,Móstoles Central,1594713.0,3310719.0,1390324.0,2944337.0,1857880.0,3894950.0,2029994.0,4241787.0,2165921.0,4526089.0,2165605,4488823.0,2,,426752,4464784,"426752,4464784",-3.8622745366034117,40.33038047290993
128,1207,1207,PRADILLO,Pradillo,1219060.0,2375014.0,1060921.0,2022480.0,1391012.0,2675729.0,1488128.0,2874593.0,1396574.0,2699234.0,1558827,3006212.0,4,,426630,4464028,"426630,4464028",-3.8636237557757154,40.323559509227984
129,1208,1208,HOSPITAL DE MOSTOLES,Hospital de Móstoles,1200471.0,2121894.0,1015154.0,1946426.0,1262694.0,2434288.0,1341593.0,2583495.0,1296373.0,2504554.0,1389033,2690171.0,4,,425790,4463464,"425790,4463464",-3.873444663423401,40.31840461987977
153,1209,1209,MANUELA MALASAÑA,Manuela Malasaña,564990.0,1047009.0,546488.0,1034823.0,751237.0,1427748.0,823627.0,1573105.0,809068.0,1579557.0,868447,1699083.0,4,,426690,4462623,"426690,4462623",-3.862756462768722,40.31090814050699
131,1210,1210,LORANCA,Loranca,1091500.0,2099893.0,1182166.0,2282027.0,1226643.0,2386218.0,1331953.0,2599366.0,1362663.0,2668317.0,1450683,2838579.0,9,,428915,4461245,"428915,4461245",-3.8364208667945863,40.29868691988674
132,1212,1212,HOSPITAL DE FUENLABRADA,Hospital de Fuenlabrada,1082845.0,2175139.0,1125942.0,2289591.0,1192373.0,2449189.0,1286478.0,2629170.0,1292218.0,2652435.0,1307434,2678221.0,7,,430711,4460001,"430711,4460001",-3.815155633248321,40.28763127181934
133,1213,1213,PARQUE EUROPA,Parque Europa,856953.0,1707823.0,853647.0,1712415.0,969981.0,1944831.0,1007859.0,2036042.0,988043.0,1999808.0,1020045,2068408.0,7,,431569,4459929,"431569,4459929",-3.8050548816740037,40.287053333332466
25,1214,1214,FUENLABRADA CENTRAL,Fuenlabrada Central,1904133.0,3881595.0,1895415.0,3774652.0,2101057.0,4177815.0,2228945.0,4441378.0,2315065.0,4612880.0,2321674,4664331.0,4,,432197,4459646,"432197,4459646",-3.7976375029903444,40.28455510028875
49,1215,1215,PARQUE DE LOS ESTADOS,Parque de los Estados,1006274.0,1897462.0,1012425.0,1953972.0,1112086.0,2151581.0,1174419.0,2276573.0,1198712.0,2324222.0,1218976,2371947.0,2,,433215,4460099,"433215,4460099",-3.7857100328656372,40.288717887730186
136,1217,1217,ARROYO CULEBRO,Arroyo Culebro,387215.0,770856.0,294213.0,571967.0,311205.0,600447.0,349856.0,674418.0,335701.0,660994.0,346146,676232.0,3,,435780,4460288,"435780,4460288",-3.7555548975073125,40.29062148552415
130,1218,1218,CONSERVATORIO,Conservatorio,565020.0,1122060.0,625491.0,1274385.0,656799.0,1340167.0,707614.0,2504921.8260999997,721749.0,1485650.0,739692,1517945.0,3,,436724,4460780,"436724,4460780",-3.7444981747417296,40.29512569870518
137,1219,1219,ALONSO DE MENDOZA,Alonso de Mendoza,692857.0,1296320.0,815267.0,1525791.0,880487.0,1674639.0,945136.0,1810985.0,935374.0,1808496.0,964716,1880042.0,3,,437507,4461613,"437507,4461613",-3.7353675664150137,40.302688769103966
78,1220,1220,GETAFE CENTRAL,Getafe Central,2074511.0,4224714.0,2464775.0,5008282.0,2724907.0,5614050.0,2950834.0,6069578.0,2992878.0,6109136.0,3142576,6445709.0,3,,437737,4462623,"437737,4462623",-3.732759642829539,40.31180461028231
50,1221,1221,JUAN DE LA CIERVA,Juan de la Cierva,1305064.0,2517903.0,1548425.0,3000304.0,1690701.0,3301689.0,1796274.0,3505176.0,1901249.0,3719982.0,1965422,3828312.0,4,,438740,4462823,"438740,4462823",-3.7209756088123385,40.31368049152421
165,1222,1222,EL CASAR,El Casar,924847.0,1697518.0,1118970.0,2045525.0,1260990.0,2307530.0,1432924.0,3358414.0,1223987.0,2240337.0,1572679,2878136.0,2,,439799,4463572,"439799,4463572",-3.7085835675884646,40.320504945952
138,1223,1223,LOS ESPARTALES,Los Espartales,624216.0,1232781.0,573195.0,1137818.0,606539.0,1201640.0,674789.0,1338870.0,534411.0,1064785.0,664735,1325997.0,2,,439095,4464199,"439095,4464199",-3.7169289992457717,40.32610228244912
7,1224,1224,EL BERCIAL,El Bercial,508236.0,972728.0,532588.0,1056184.0,570623.0,1139004.0,616683.0,1174854.1496472727,497109.0,994610.0,624257,1258199.0,3,,438128,4464745,"438128,4464745",-3.7283638245803603,40.330949853362036
51,1225,1225,EL CARRASCAL,El Carrascal,1316580.0,2629534.0,1469719.0,2906838.0,1620889.0,3239741.0,1676649.0,5404890.076090036,1351144.0,2708882.0,1713502,3438609.0,5,,437239,4465592,"437239,4465592",-3.738911637606714,40.33851371072445
140,1226,1226,JULIAN BESTEIRO,Julián Besteiro,1127139.0,2104665.0,1186675.0,2275017.0,1241658.0,2393295.0,1226621.0,2363499.0,977634.0,1883214.0,1258792,2434633.0,4,,436177,4465391,"436177,4465391",-3.7513939119832185,40.33662245750599
52,1227,1227,CASA DEL RELOJ,Casa del Reloj,1007612.0,1889863.0,1052800.0,2005234.0,1098771.0,2101127.0,1151829.0,11114561.675902024,920427.0,1766713.0,1198377,2307625.0,2,,435595,4464492,"435595,4464492",-3.7581546425929253,40.328479111379835
180,1228,1228,HOSPITAL SEVERO OCHOA,Hospital Severo Ochoa,719568.0,1434316.0,741120.0,1509419.0,763783.0,1552039.0,774110.0,1580590.0,633467.0,1288138.0,797065,1626980.0,1,,434864,4463962,"434864,4463962",-3.7667049839376565,40.323647898100496
163,1229,1229,LEGANES CENTRAL,Leganés Central,1607743.0,3124982.0,1667993.0,3347825.0,1774919.0,3561543.0,1804366.0,3656081.0,1435146.0,2916391.0,1876105,3796971.0,1,,434568,4464765,"434568,4464765",-3.7702710846834173,40.33085856070497
142,1230,1230,SAN NICASIO,San Nicasio,897294.0,1695654.0,965715.0,1856625.0,1059328.0,2063635.0,1120834.0,2191817.0,899146.0,1758071.0,1181820,2303313.0,3,,434207,4465565,"434207,4465565",-3.774602846717231,40.338036950062886
